0
20591
0
0
0
0
45338
0
0
0
0
0
0
0
0
0
65535
18287
0
0
0
0
0
0
0
65535
0
0
0
0
0
0
0
0
0
0
0
0
65535
0
65535
0
0
0
0
0
0
0
0
65535
65535
0
0
0
0
0
0
0
0
0
0
0
0
14393
0
0
0
0
0
0
0
0
0
65535
0
0
0
0
0
0
0
0
65535
0
0
0
0
0
0
0
0
0
0
0
65535
0
0
0
0
28271
0
65535
0
0
0
0
0
0
65535
0
0
0
0
0
0
0
0
0
0
0
65535
0
65535
0
0
0
0
0
0
0
0
0
0
0
0
0
0
0
0
65535
0
65535
0
0
65535
0
0
65535
0
0
0
0
0
0
0
0
0
0
0
0
0
0
65535
0
0
0
0
65535
0
0
0
0
0
0
0
0
0
0
0
0
0
65535
0
65535
0
0
0
0
0
65535
0
0
0
0
0
0
0
0
0
65535
0
0
0
0
65535
65535
0
0
0
0
0
0
0
0
0
0
0
0
0
0
65535
0
0
16
0
65535
0
0
0
0
0
0
65535
0
0
0
0
0
0
0
65535
0
0
65535
0
0
0
65535
0
0
0
0
0
0
0
0
0
0
0
0
53156
0
0
0
0
65535
0
0
0
65535
53853
0
0
0
0
0
0
29743
65535
0
0
0
65535
0
0
0
0
65535
0
65535
0
0
0
0
65535
0
65535
65535
0
0
0
0
65535
0
0
0
0
0
65535
0
25701
65535
0
0
0
0
0
0
20935
65535
0
65535
0
0
0
65535
0
0
0
65535
0
0
65535
0
0
0
0
0
26740
0
0
65535
0
52180
0
0
0
0
0
0
0
0
0
0
0
0
65535
0
0
0
0
65535
0
45338
0
0
0
0
0
0
0
0
0
0
0
26740
0
65535
0
65535
26721
52180
0
0
0
0
0
26740
0
0
0
0
0
0
0
65535
65535
0
0
0
0
65535
0
0
0
65535
0
0
0
0
18286
65535
0
0
0
0
65535
65535
0
65535
0
0
65535
0
0
0
65535
0
0
0
0
65535
0
65535
0
0
0
0
0
0
0
0
0
0
0
65535
0
65535
0
0
0
65535
0
0
0
0
0
0
0
0
0
8224
0
0
65535
0
0
0
0
0
65535
0
0
0
0
0
0
65535
0
0
0
65535
0
0
0
175
65535
0
26740
0
0
0
0
0
65535
0
0
0
0
0
0
0
0
50236
0
0
65535
0
0
0
65535
0
20040
0
0
65535
0
16758
16750
0
0
0
65535
65535
0
0
0
65535
26721
65535
0
0
0
0
0
0
65535
0
0
0
65535
65535
0
0
0
0
0
26740
26740
0
65535
0
0
0
0
0
0
0
26880
0
0
0
29555
65535
0
0
65535
0
0
0
0
0
0
0
0
65535
0
0
65535
65535
65535
0
65535
65535
65535
0
65535
0
0
0
0
0
1
0
0
0
0
17006
0
0
65535
65535
0
65535
0
0
0
0
0
0
65535
0
0
0
65535
0
0
0
0
65535
0
0
0
0
0
0
0
0
0
0
0
0
0
0
26721
0
0
65535
0
0
0
65535
0
0
0
0
0
0
0
0
0
1
1
0
0
0
0
0
1
1
0
1
0
1
1
1
0
0
0
0
1
1
1
1
1
0
0
1
0
0
0
0
0
0
1
1
0
1
0
1
0
0
0
0
1
0
1
0
1
0
0
0
0
1
0
0
1
0
1
0
1
0
1
0
1
1
0
1
1
0
1
1
0
1
0
1
1
1
0
1
1
1
1
0
0
0
0
0
0
1
1
1
0
1
0
0
1
1
0
0
1
0
1
1
1
0
0
1
1
1
0
1
1
1
0
1
0
0
1
0
0
1
1
0
0
1
1
1
0
1
1
1
1
0
0
1
1
1
0
0
0
1
0
1
0
0
0
1
0
0
0
1
0
0
0
0
1
1
1
1
0
0
1
0
1
0
0
1
1
0
0
0
1
0
0
0
0
0
0
0
0
0
1
0
0
0
0
0
1
1
1
0
1
1
0
0
0
0
0
1
1
0
0
0
0
1
1
1
0
1
1
1
0
1
0
1
0
1
0
1
0
0
0
1
0
0
1
1
0
0
1
1
1
1
1
1
0
1
0
0
0
0
0
0
0
1
1
1
0
1
1
0
1
0
8490
447
67
9474
13172
2
1
2
1
223
1535
53517
5625
4987
121
65534
1
47031
0
1127
12
3054
3
53243
10263
5
15508
305
24
5
6002
7
1511
65533
1
3840
0
15236
2
7312
3759
65532
2808
2
65533
0
6032
0
1
58304
3
1354
0
2
65535
7382
2
2
2
3124
2038
14749
3995
4059
4981
0
14
64295
5582
1
9897
1
8
10947
26624
4
3
384
3016
2139
65532
3935
0
6104
23
14
1
115
3335
2
1675
15
2
12769
2734
65533
1
1
0
3331
1
16
3016
2
1891
2
4826
22
6183
7053
11253
968
10554
1
8063
65533
2649
671
31403
3
0
10776
52
144
32
2
65532
13991
3105
65532
6902
2
4343
0
6361
10778
1306
2583
65535
3
153
10583
65534
12854
1
0
15215
240
127
2
13
3
14275
223
316
65532
4031
3
1
14731
5226
1
65532
291
0
65535
9776
2
0
9501
14309
0
7
15
5569
3
10
47031
1
0
15188
13
3
5320
13
4155
0
1241
289
1
2677
1
49734
65535
3
8
2779
1961
1
0
12351
1024
13101
5558
1284
0
9916
2
32388
1003
6
3
9
2
4
2
5
13528
7038
65535
65534
13673
2422
0
48
4059
13458
65535
65533
6104
2737
4771
185
9466
1
0
53206
21856
6409
12
3973
3
12710
3
65532
9001
59
3935
11217
1903
2
29549
2
2
4
7911
